0.0007634473286087527,0.001831414934844718,0.003421533548404641,0.004978301937756902,0.005641155139668817,0.004978301937756902,0.003421533548404641,0.001831414934844718,0.0007634473286087527
0.001831414934844718,0.004393336040201355,0.00820783229674747,0.01194232552439356,0.01353242769398704,0.01194232552439356,0.00820783229674747,0.004393336040201355,0.001831414934844718
0.003421533548404641,0.00820783229674747,0.01533424950768009,0.02231120138328792,0.02528190333353514,0.02231120138328792,0.01533424950768009,0.00820783229674747,0.003421533548404641
0.004978301937756902,0.01194232552439356,0.02231120138328792,0.03246260646250166,0.03678495229550091,0.03246260646250166,0.02231120138328792,0.01194232552439356,0.004978301937756902
0.005641155139668817,0.01353242769398704,0.02528190333353514,0.03678495229550091,0.04168281178978386,0.03678495229550091,0.02528190333353514,0.01353242769398704,0.005641155139668817
0.004978301937756902,0.01194232552439356,0.02231120138328792,0.03246260646250166,0.03678495229550091,0.03246260646250166,0.02231120138328792,0.01194232552439356,0.004978301937756902
0.003421533548404641,0.00820783229674747,0.01533424950768009,0.02231120138328792,0.02528190333353514,0.02231120138328792,0.01533424950768009,0.00820783229674747,0.003421533548404641
0.001831414934844718,0.004393336040201355,0.00820783229674747,0.01194232552439356,0.01353242769398704,0.01194232552439356,0.00820783229674747,0.004393336040201355,0.001831414934844718
0.0007634473286087527,0.001831414934844718,0.003421533548404641,0.004978301937756902,0.005641155139668817,0.004978301937756902,0.003421533548404641,0.001831414934844718,0.0007634473286087527
